#HEADER
Análise modal de viga em balanço com 1000 elementos

#DYNAMIC
0

#MODAL
1

#NODES
0.0 0
0.001 0
0.002 0
0.003 0
0.004 0
0.005 0
0.006 0
0.007 0
0.008 0
0.009 0
0.01 0
0.011 0
0.012 0
0.013 0
0.014 0
0.015 0
0.016 0
0.017 0
0.018 0
0.019 0
0.02 0
0.021 0
0.022 0
0.023 0
0.024 0
0.025 0
0.026 0
0.027 0
0.028 0
0.029 0
0.03 0
0.031 0
0.032 0
0.033 0
0.034 0
0.035 0
0.036 0
0.037 0
0.038 0
0.039 0
0.04 0
0.041 0
0.042 0
0.043 0
0.044 0
0.045 0
0.046 0
0.047 0
0.048 0
0.049 0
0.05 0
0.051 0
0.052 0
0.053 0
0.054 0
0.055 0
0.056 0
0.057 0
0.058 0
0.059 0
0.06 0
0.061 0
0.062 0
0.063 0
0.064 0
0.065 0
0.066 0
0.067 0
0.068 0
0.069 0
0.07 0
0.071 0
0.072 0
0.073 0
0.074 0
0.075 0
0.076 0
0.077 0
0.078 0
0.079 0
0.08 0
0.081 0
0.082 0
0.083 0
0.084 0
0.085 0
0.086 0
0.087 0
0.088 0
0.089 0
0.09 0
0.091 0
0.092 0
0.093 0
0.094 0
0.095 0
0.096 0
0.097 0
0.098 0
0.099 0
0.1 0
0.101 0
0.102 0
0.103 0
0.104 0
0.105 0
0.106 0
0.107 0
0.108 0
0.109 0
0.11 0
0.111 0
0.112 0
0.113 0
0.114 0
0.115 0
0.116 0
0.117 0
0.118 0
0.119 0
0.12 0
0.121 0
0.122 0
0.123 0
0.124 0
0.125 0
0.126 0
0.127 0
0.128 0
0.129 0
0.13 0
0.131 0
0.132 0
0.133 0
0.134 0
0.135 0
0.136 0
0.137 0
0.138 0
0.139 0
0.14 0
0.141 0
0.142 0
0.143 0
0.144 0
0.145 0
0.146 0
0.147 0
0.148 0
0.149 0
0.15 0
0.151 0
0.152 0
0.153 0
0.154 0
0.155 0
0.156 0
0.157 0
0.158 0
0.159 0
0.16 0
0.161 0
0.162 0
0.163 0
0.164 0
0.165 0
0.166 0
0.167 0
0.168 0
0.169 0
0.17 0
0.171 0
0.172 0
0.173 0
0.174 0
0.175 0
0.176 0
0.177 0
0.178 0
0.179 0
0.18 0
0.181 0
0.182 0
0.183 0
0.184 0
0.185 0
0.186 0
0.187 0
0.188 0
0.189 0
0.19 0
0.191 0
0.192 0
0.193 0
0.194 0
0.195 0
0.196 0
0.197 0
0.198 0
0.199 0
0.2 0
0.201 0
0.202 0
0.203 0
0.204 0
0.205 0
0.206 0
0.207 0
0.208 0
0.209 0
0.21 0
0.211 0
0.212 0
0.213 0
0.214 0
0.215 0
0.216 0
0.217 0
0.218 0
0.219 0
0.22 0
0.221 0
0.222 0
0.223 0
0.224 0
0.225 0
0.226 0
0.227 0
0.228 0
0.229 0
0.23 0
0.231 0
0.232 0
0.233 0
0.234 0
0.235 0
0.236 0
0.237 0
0.238 0
0.239 0
0.24 0
0.241 0
0.242 0
0.243 0
0.244 0
0.245 0
0.246 0
0.247 0
0.248 0
0.249 0
0.25 0
0.251 0
0.252 0
0.253 0
0.254 0
0.255 0
0.256 0
0.257 0
0.258 0
0.259 0
0.26 0
0.261 0
0.262 0
0.263 0
0.264 0
0.265 0
0.266 0
0.267 0
0.268 0
0.269 0
0.27 0
0.271 0
0.272 0
0.273 0
0.274 0
0.275 0
0.276 0
0.277 0
0.278 0
0.279 0
0.28 0
0.281 0
0.282 0
0.283 0
0.284 0
0.285 0
0.286 0
0.287 0
0.288 0
0.289 0
0.29 0
0.291 0
0.292 0
0.293 0
0.294 0
0.295 0
0.296 0
0.297 0
0.298 0
0.299 0
0.3 0
0.301 0
0.302 0
0.303 0
0.304 0
0.305 0
0.306 0
0.307 0
0.308 0
0.309 0
0.31 0
0.311 0
0.312 0
0.313 0
0.314 0
0.315 0
0.316 0
0.317 0
0.318 0
0.319 0
0.32 0
0.321 0
0.322 0
0.323 0
0.324 0
0.325 0
0.326 0
0.327 0
0.328 0
0.329 0
0.33 0
0.331 0
0.332 0
0.333 0
0.334 0
0.335 0
0.336 0
0.337 0
0.338 0
0.339 0
0.34 0
0.341 0
0.342 0
0.343 0
0.344 0
0.345 0
0.346 0
0.347 0
0.348 0
0.349 0
0.35 0
0.351 0
0.352 0
0.353 0
0.354 0
0.355 0
0.356 0
0.357 0
0.358 0
0.359 0
0.36 0
0.361 0
0.362 0
0.363 0
0.364 0
0.365 0
0.366 0
0.367 0
0.368 0
0.369 0
0.37 0
0.371 0
0.372 0
0.373 0
0.374 0
0.375 0
0.376 0
0.377 0
0.378 0
0.379 0
0.38 0
0.381 0
0.382 0
0.383 0
0.384 0
0.385 0
0.386 0
0.387 0
0.388 0
0.389 0
0.39 0
0.391 0
0.392 0
0.393 0
0.394 0
0.395 0
0.396 0
0.397 0
0.398 0
0.399 0
0.4 0
0.401 0
0.402 0
0.403 0
0.404 0
0.405 0
0.406 0
0.407 0
0.408 0
0.409 0
0.41 0
0.411 0
0.412 0
0.413 0
0.414 0
0.415 0
0.416 0
0.417 0
0.418 0
0.419 0
0.42 0
0.421 0
0.422 0
0.423 0
0.424 0
0.425 0
0.426 0
0.427 0
0.428 0
0.429 0
0.43 0
0.431 0
0.432 0
0.433 0
0.434 0
0.435 0
0.436 0
0.437 0
0.438 0
0.439 0
0.44 0
0.441 0
0.442 0
0.443 0
0.444 0
0.445 0
0.446 0
0.447 0
0.448 0
0.449 0
0.45 0
0.451 0
0.452 0
0.453 0
0.454 0
0.455 0
0.456 0
0.457 0
0.458 0
0.459 0
0.46 0
0.461 0
0.462 0
0.463 0
0.464 0
0.465 0
0.466 0
0.467 0
0.468 0
0.469 0
0.47 0
0.471 0
0.472 0
0.473 0
0.474 0
0.475 0
0.476 0
0.477 0
0.478 0
0.479 0
0.48 0
0.481 0
0.482 0
0.483 0
0.484 0
0.485 0
0.486 0
0.487 0
0.488 0
0.489 0
0.49 0
0.491 0
0.492 0
0.493 0
0.494 0
0.495 0
0.496 0
0.497 0
0.498 0
0.499 0
0.5 0
0.501 0
0.502 0
0.503 0
0.504 0
0.505 0
0.506 0
0.507 0
0.508 0
0.509 0
0.51 0
0.511 0
0.512 0
0.513 0
0.514 0
0.515 0
0.516 0
0.517 0
0.518 0
0.519 0
0.52 0
0.521 0
0.522 0
0.523 0
0.524 0
0.525 0
0.526 0
0.527 0
0.528 0
0.529 0
0.53 0
0.531 0
0.532 0
0.533 0
0.534 0
0.535 0
0.536 0
0.537 0
0.538 0
0.539 0
0.54 0
0.541 0
0.542 0
0.543 0
0.544 0
0.545 0
0.546 0
0.547 0
0.548 0
0.549 0
0.55 0
0.551 0
0.552 0
0.553 0
0.554 0
0.555 0
0.556 0
0.557 0
0.558 0
0.559 0
0.56 0
0.561 0
0.562 0
0.563 0
0.564 0
0.565 0
0.566 0
0.567 0
0.568 0
0.569 0
0.57 0
0.571 0
0.572 0
0.573 0
0.574 0
0.575 0
0.576 0
0.577 0
0.578 0
0.579 0
0.58 0
0.581 0
0.582 0
0.583 0
0.584 0
0.585 0
0.586 0
0.587 0
0.588 0
0.589 0
0.59 0
0.591 0
0.592 0
0.593 0
0.594 0
0.595 0
0.596 0
0.597 0
0.598 0
0.599 0
0.6 0
0.601 0
0.602 0
0.603 0
0.604 0
0.605 0
0.606 0
0.607 0
0.608 0
0.609 0
0.61 0
0.611 0
0.612 0
0.613 0
0.614 0
0.615 0
0.616 0
0.617 0
0.618 0
0.619 0
0.62 0
0.621 0
0.622 0
0.623 0
0.624 0
0.625 0
0.626 0
0.627 0
0.628 0
0.629 0
0.63 0
0.631 0
0.632 0
0.633 0
0.634 0
0.635 0
0.636 0
0.637 0
0.638 0
0.639 0
0.64 0
0.641 0
0.642 0
0.643 0
0.644 0
0.645 0
0.646 0
0.647 0
0.648 0
0.649 0
0.65 0
0.651 0
0.652 0
0.653 0
0.654 0
0.655 0
0.656 0
0.657 0
0.658 0
0.659 0
0.66 0
0.661 0
0.662 0
0.663 0
0.664 0
0.665 0
0.666 0
0.667 0
0.668 0
0.669 0
0.67 0
0.671 0
0.672 0
0.673 0
0.674 0
0.675 0
0.676 0
0.677 0
0.678 0
0.679 0
0.68 0
0.681 0
0.682 0
0.683 0
0.684 0
0.685 0
0.686 0
0.687 0
0.688 0
0.689 0
0.69 0
0.691 0
0.692 0
0.693 0
0.694 0
0.695 0
0.696 0
0.697 0
0.698 0
0.699 0
0.7 0
0.701 0
0.702 0
0.703 0
0.704 0
0.705 0
0.706 0
0.707 0
0.708 0
0.709 0
0.71 0
0.711 0
0.712 0
0.713 0
0.714 0
0.715 0
0.716 0
0.717 0
0.718 0
0.719 0
0.72 0
0.721 0
0.722 0
0.723 0
0.724 0
0.725 0
0.726 0
0.727 0
0.728 0
0.729 0
0.73 0
0.731 0
0.732 0
0.733 0
0.734 0
0.735 0
0.736 0
0.737 0
0.738 0
0.739 0
0.74 0
0.741 0
0.742 0
0.743 0
0.744 0
0.745 0
0.746 0
0.747 0
0.748 0
0.749 0
0.75 0
0.751 0
0.752 0
0.753 0
0.754 0
0.755 0
0.756 0
0.757 0
0.758 0
0.759 0
0.76 0
0.761 0
0.762 0
0.763 0
0.764 0
0.765 0
0.766 0
0.767 0
0.768 0
0.769 0
0.77 0
0.771 0
0.772 0
0.773 0
0.774 0
0.775 0
0.776 0
0.777 0
0.778 0
0.779 0
0.78 0
0.781 0
0.782 0
0.783 0
0.784 0
0.785 0
0.786 0
0.787 0
0.788 0
0.789 0
0.79 0
0.791 0
0.792 0
0.793 0
0.794 0
0.795 0
0.796 0
0.797 0
0.798 0
0.799 0
0.8 0
0.801 0
0.802 0
0.803 0
0.804 0
0.805 0
0.806 0
0.807 0
0.808 0
0.809 0
0.81 0
0.811 0
0.812 0
0.813 0
0.814 0
0.815 0
0.816 0
0.817 0
0.818 0
0.819 0
0.82 0
0.821 0
0.822 0
0.823 0
0.824 0
0.825 0
0.826 0
0.827 0
0.828 0
0.829 0
0.83 0
0.831 0
0.832 0
0.833 0
0.834 0
0.835 0
0.836 0
0.837 0
0.838 0
0.839 0
0.84 0
0.841 0
0.842 0
0.843 0
0.844 0
0.845 0
0.846 0
0.847 0
0.848 0
0.849 0
0.85 0
0.851 0
0.852 0
0.853 0
0.854 0
0.855 0
0.856 0
0.857 0
0.858 0
0.859 0
0.86 0
0.861 0
0.862 0
0.863 0
0.864 0
0.865 0
0.866 0
0.867 0
0.868 0
0.869 0
0.87 0
0.871 0
0.872 0
0.873 0
0.874 0
0.875 0
0.876 0
0.877 0
0.878 0
0.879 0
0.88 0
0.881 0
0.882 0
0.883 0
0.884 0
0.885 0
0.886 0
0.887 0
0.888 0
0.889 0
0.89 0
0.891 0
0.892 0
0.893 0
0.894 0
0.895 0
0.896 0
0.897 0
0.898 0
0.899 0
0.9 0
0.901 0
0.902 0
0.903 0
0.904 0
0.905 0
0.906 0
0.907 0
0.908 0
0.909 0
0.91 0
0.911 0
0.912 0
0.913 0
0.914 0
0.915 0
0.916 0
0.917 0
0.918 0
0.919 0
0.92 0
0.921 0
0.922 0
0.923 0
0.924 0
0.925 0
0.926 0
0.927 0
0.928 0
0.929 0
0.93 0
0.931 0
0.932 0
0.933 0
0.934 0
0.935 0
0.936 0
0.937 0
0.938 0
0.939 0
0.94 0
0.941 0
0.942 0
0.943 0
0.944 0
0.945 0
0.946 0
0.947 0
0.948 0
0.949 0
0.95 0
0.951 0
0.952 0
0.953 0
0.954 0
0.955 0
0.956 0
0.957 0
0.958 0
0.959 0
0.96 0
0.961 0
0.962 0
0.963 0
0.964 0
0.965 0
0.966 0
0.967 0
0.968 0
0.969 0
0.97 0
0.971 0
0.972 0
0.973 0
0.974 0
0.975 0
0.976 0
0.977 0
0.978 0
0.979 0
0.98 0
0.981 0
0.982 0
0.983 0
0.984 0
0.985 0
0.986 0
0.987 0
0.988 0
0.989 0
0.99 0
0.991 0
0.992 0
0.993 0
0.994 0
0.995 0
0.996 0
0.997 0
0.998 0
0.999 0
1.0 0

#ELEMENTS
b 1 2 0.0025 200e9 5.21e-7 7800
b 2 3 0.0025 200e9 5.21e-7 7800
b 3 4 0.0025 200e9 5.21e-7 7800
b 4 5 0.0025 200e9 5.21e-7 7800
b 5 6 0.0025 200e9 5.21e-7 7800
b 6 7 0.0025 200e9 5.21e-7 7800
b 7 8 0.0025 200e9 5.21e-7 7800
b 8 9 0.0025 200e9 5.21e-7 7800
b 9 10 0.0025 200e9 5.21e-7 7800
b 10 11 0.0025 200e9 5.21e-7 7800
b 11 12 0.0025 200e9 5.21e-7 7800
b 12 13 0.0025 200e9 5.21e-7 7800
b 13 14 0.0025 200e9 5.21e-7 7800
b 14 15 0.0025 200e9 5.21e-7 7800
b 15 16 0.0025 200e9 5.21e-7 7800
b 16 17 0.0025 200e9 5.21e-7 7800
b 17 18 0.0025 200e9 5.21e-7 7800
b 18 19 0.0025 200e9 5.21e-7 7800
b 19 20 0.0025 200e9 5.21e-7 7800
b 20 21 0.0025 200e9 5.21e-7 7800
b 21 22 0.0025 200e9 5.21e-7 7800
b 22 23 0.0025 200e9 5.21e-7 7800
b 23 24 0.0025 200e9 5.21e-7 7800
b 24 25 0.0025 200e9 5.21e-7 7800
b 25 26 0.0025 200e9 5.21e-7 7800
b 26 27 0.0025 200e9 5.21e-7 7800
b 27 28 0.0025 200e9 5.21e-7 7800
b 28 29 0.0025 200e9 5.21e-7 7800
b 29 30 0.0025 200e9 5.21e-7 7800
b 30 31 0.0025 200e9 5.21e-7 7800
b 31 32 0.0025 200e9 5.21e-7 7800
b 32 33 0.0025 200e9 5.21e-7 7800
b 33 34 0.0025 200e9 5.21e-7 7800
b 34 35 0.0025 200e9 5.21e-7 7800
b 35 36 0.0025 200e9 5.21e-7 7800
b 36 37 0.0025 200e9 5.21e-7 7800
b 37 38 0.0025 200e9 5.21e-7 7800
b 38 39 0.0025 200e9 5.21e-7 7800
b 39 40 0.0025 200e9 5.21e-7 7800
b 40 41 0.0025 200e9 5.21e-7 7800
b 41 42 0.0025 200e9 5.21e-7 7800
b 42 43 0.0025 200e9 5.21e-7 7800
b 43 44 0.0025 200e9 5.21e-7 7800
b 44 45 0.0025 200e9 5.21e-7 7800
b 45 46 0.0025 200e9 5.21e-7 7800
b 46 47 0.0025 200e9 5.21e-7 7800
b 47 48 0.0025 200e9 5.21e-7 7800
b 48 49 0.0025 200e9 5.21e-7 7800
b 49 50 0.0025 200e9 5.21e-7 7800
b 50 51 0.0025 200e9 5.21e-7 7800
b 51 52 0.0025 200e9 5.21e-7 7800
b 52 53 0.0025 200e9 5.21e-7 7800
b 53 54 0.0025 200e9 5.21e-7 7800
b 54 55 0.0025 200e9 5.21e-7 7800
b 55 56 0.0025 200e9 5.21e-7 7800
b 56 57 0.0025 200e9 5.21e-7 7800
b 57 58 0.0025 200e9 5.21e-7 7800
b 58 59 0.0025 200e9 5.21e-7 7800
b 59 60 0.0025 200e9 5.21e-7 7800
b 60 61 0.0025 200e9 5.21e-7 7800
b 61 62 0.0025 200e9 5.21e-7 7800
b 62 63 0.0025 200e9 5.21e-7 7800
b 63 64 0.0025 200e9 5.21e-7 7800
b 64 65 0.0025 200e9 5.21e-7 7800
b 65 66 0.0025 200e9 5.21e-7 7800
b 66 67 0.0025 200e9 5.21e-7 7800
b 67 68 0.0025 200e9 5.21e-7 7800
b 68 69 0.0025 200e9 5.21e-7 7800
b 69 70 0.0025 200e9 5.21e-7 7800
b 70 71 0.0025 200e9 5.21e-7 7800
b 71 72 0.0025 200e9 5.21e-7 7800
b 72 73 0.0025 200e9 5.21e-7 7800
b 73 74 0.0025 200e9 5.21e-7 7800
b 74 75 0.0025 200e9 5.21e-7 7800
b 75 76 0.0025 200e9 5.21e-7 7800
b 76 77 0.0025 200e9 5.21e-7 7800
b 77 78 0.0025 200e9 5.21e-7 7800
b 78 79 0.0025 200e9 5.21e-7 7800
b 79 80 0.0025 200e9 5.21e-7 7800
b 80 81 0.0025 200e9 5.21e-7 7800
b 81 82 0.0025 200e9 5.21e-7 7800
b 82 83 0.0025 200e9 5.21e-7 7800
b 83 84 0.0025 200e9 5.21e-7 7800
b 84 85 0.0025 200e9 5.21e-7 7800
b 85 86 0.0025 200e9 5.21e-7 7800
b 86 87 0.0025 200e9 5.21e-7 7800
b 87 88 0.0025 200e9 5.21e-7 7800
b 88 89 0.0025 200e9 5.21e-7 7800
b 89 90 0.0025 200e9 5.21e-7 7800
b 90 91 0.0025 200e9 5.21e-7 7800
b 91 92 0.0025 200e9 5.21e-7 7800
b 92 93 0.0025 200e9 5.21e-7 7800
b 93 94 0.0025 200e9 5.21e-7 7800
b 94 95 0.0025 200e9 5.21e-7 7800
b 95 96 0.0025 200e9 5.21e-7 7800
b 96 97 0.0025 200e9 5.21e-7 7800
b 97 98 0.0025 200e9 5.21e-7 7800
b 98 99 0.0025 200e9 5.21e-7 7800
b 99 100 0.0025 200e9 5.21e-7 7800
b 100 101 0.0025 200e9 5.21e-7 7800
b 101 102 0.0025 200e9 5.21e-7 7800
b 102 103 0.0025 200e9 5.21e-7 7800
b 103 104 0.0025 200e9 5.21e-7 7800
b 104 105 0.0025 200e9 5.21e-7 7800
b 105 106 0.0025 200e9 5.21e-7 7800
b 106 107 0.0025 200e9 5.21e-7 7800
b 107 108 0.0025 200e9 5.21e-7 7800
b 108 109 0.0025 200e9 5.21e-7 7800
b 109 110 0.0025 200e9 5.21e-7 7800
b 110 111 0.0025 200e9 5.21e-7 7800
b 111 112 0.0025 200e9 5.21e-7 7800
b 112 113 0.0025 200e9 5.21e-7 7800
b 113 114 0.0025 200e9 5.21e-7 7800
b 114 115 0.0025 200e9 5.21e-7 7800
b 115 116 0.0025 200e9 5.21e-7 7800
b 116 117 0.0025 200e9 5.21e-7 7800
b 117 118 0.0025 200e9 5.21e-7 7800
b 118 119 0.0025 200e9 5.21e-7 7800
b 119 120 0.0025 200e9 5.21e-7 7800
b 120 121 0.0025 200e9 5.21e-7 7800
b 121 122 0.0025 200e9 5.21e-7 7800
b 122 123 0.0025 200e9 5.21e-7 7800
b 123 124 0.0025 200e9 5.21e-7 7800
b 124 125 0.0025 200e9 5.21e-7 7800
b 125 126 0.0025 200e9 5.21e-7 7800
b 126 127 0.0025 200e9 5.21e-7 7800
b 127 128 0.0025 200e9 5.21e-7 7800
b 128 129 0.0025 200e9 5.21e-7 7800
b 129 130 0.0025 200e9 5.21e-7 7800
b 130 131 0.0025 200e9 5.21e-7 7800
b 131 132 0.0025 200e9 5.21e-7 7800
b 132 133 0.0025 200e9 5.21e-7 7800
b 133 134 0.0025 200e9 5.21e-7 7800
b 134 135 0.0025 200e9 5.21e-7 7800
b 135 136 0.0025 200e9 5.21e-7 7800
b 136 137 0.0025 200e9 5.21e-7 7800
b 137 138 0.0025 200e9 5.21e-7 7800
b 138 139 0.0025 200e9 5.21e-7 7800
b 139 140 0.0025 200e9 5.21e-7 7800
b 140 141 0.0025 200e9 5.21e-7 7800
b 141 142 0.0025 200e9 5.21e-7 7800
b 142 143 0.0025 200e9 5.21e-7 7800
b 143 144 0.0025 200e9 5.21e-7 7800
b 144 145 0.0025 200e9 5.21e-7 7800
b 145 146 0.0025 200e9 5.21e-7 7800
b 146 147 0.0025 200e9 5.21e-7 7800
b 147 148 0.0025 200e9 5.21e-7 7800
b 148 149 0.0025 200e9 5.21e-7 7800
b 149 150 0.0025 200e9 5.21e-7 7800
b 150 151 0.0025 200e9 5.21e-7 7800
b 151 152 0.0025 200e9 5.21e-7 7800
b 152 153 0.0025 200e9 5.21e-7 7800
b 153 154 0.0025 200e9 5.21e-7 7800
b 154 155 0.0025 200e9 5.21e-7 7800
b 155 156 0.0025 200e9 5.21e-7 7800
b 156 157 0.0025 200e9 5.21e-7 7800
b 157 158 0.0025 200e9 5.21e-7 7800
b 158 159 0.0025 200e9 5.21e-7 7800
b 159 160 0.0025 200e9 5.21e-7 7800
b 160 161 0.0025 200e9 5.21e-7 7800
b 161 162 0.0025 200e9 5.21e-7 7800
b 162 163 0.0025 200e9 5.21e-7 7800
b 163 164 0.0025 200e9 5.21e-7 7800
b 164 165 0.0025 200e9 5.21e-7 7800
b 165 166 0.0025 200e9 5.21e-7 7800
b 166 167 0.0025 200e9 5.21e-7 7800
b 167 168 0.0025 200e9 5.21e-7 7800
b 168 169 0.0025 200e9 5.21e-7 7800
b 169 170 0.0025 200e9 5.21e-7 7800
b 170 171 0.0025 200e9 5.21e-7 7800
b 171 172 0.0025 200e9 5.21e-7 7800
b 172 173 0.0025 200e9 5.21e-7 7800
b 173 174 0.0025 200e9 5.21e-7 7800
b 174 175 0.0025 200e9 5.21e-7 7800
b 175 176 0.0025 200e9 5.21e-7 7800
b 176 177 0.0025 200e9 5.21e-7 7800
b 177 178 0.0025 200e9 5.21e-7 7800
b 178 179 0.0025 200e9 5.21e-7 7800
b 179 180 0.0025 200e9 5.21e-7 7800
b 180 181 0.0025 200e9 5.21e-7 7800
b 181 182 0.0025 200e9 5.21e-7 7800
b 182 183 0.0025 200e9 5.21e-7 7800
b 183 184 0.0025 200e9 5.21e-7 7800
b 184 185 0.0025 200e9 5.21e-7 7800
b 185 186 0.0025 200e9 5.21e-7 7800
b 186 187 0.0025 200e9 5.21e-7 7800
b 187 188 0.0025 200e9 5.21e-7 7800
b 188 189 0.0025 200e9 5.21e-7 7800
b 189 190 0.0025 200e9 5.21e-7 7800
b 190 191 0.0025 200e9 5.21e-7 7800
b 191 192 0.0025 200e9 5.21e-7 7800
b 192 193 0.0025 200e9 5.21e-7 7800
b 193 194 0.0025 200e9 5.21e-7 7800
b 194 195 0.0025 200e9 5.21e-7 7800
b 195 196 0.0025 200e9 5.21e-7 7800
b 196 197 0.0025 200e9 5.21e-7 7800
b 197 198 0.0025 200e9 5.21e-7 7800
b 198 199 0.0025 200e9 5.21e-7 7800
b 199 200 0.0025 200e9 5.21e-7 7800
b 200 201 0.0025 200e9 5.21e-7 7800
b 201 202 0.0025 200e9 5.21e-7 7800
b 202 203 0.0025 200e9 5.21e-7 7800
b 203 204 0.0025 200e9 5.21e-7 7800
b 204 205 0.0025 200e9 5.21e-7 7800
b 205 206 0.0025 200e9 5.21e-7 7800
b 206 207 0.0025 200e9 5.21e-7 7800
b 207 208 0.0025 200e9 5.21e-7 7800
b 208 209 0.0025 200e9 5.21e-7 7800
b 209 210 0.0025 200e9 5.21e-7 7800
b 210 211 0.0025 200e9 5.21e-7 7800
b 211 212 0.0025 200e9 5.21e-7 7800
b 212 213 0.0025 200e9 5.21e-7 7800
b 213 214 0.0025 200e9 5.21e-7 7800
b 214 215 0.0025 200e9 5.21e-7 7800
b 215 216 0.0025 200e9 5.21e-7 7800
b 216 217 0.0025 200e9 5.21e-7 7800
b 217 218 0.0025 200e9 5.21e-7 7800
b 218 219 0.0025 200e9 5.21e-7 7800
b 219 220 0.0025 200e9 5.21e-7 7800
b 220 221 0.0025 200e9 5.21e-7 7800
b 221 222 0.0025 200e9 5.21e-7 7800
b 222 223 0.0025 200e9 5.21e-7 7800
b 223 224 0.0025 200e9 5.21e-7 7800
b 224 225 0.0025 200e9 5.21e-7 7800
b 225 226 0.0025 200e9 5.21e-7 7800
b 226 227 0.0025 200e9 5.21e-7 7800
b 227 228 0.0025 200e9 5.21e-7 7800
b 228 229 0.0025 200e9 5.21e-7 7800
b 229 230 0.0025 200e9 5.21e-7 7800
b 230 231 0.0025 200e9 5.21e-7 7800
b 231 232 0.0025 200e9 5.21e-7 7800
b 232 233 0.0025 200e9 5.21e-7 7800
b 233 234 0.0025 200e9 5.21e-7 7800
b 234 235 0.0025 200e9 5.21e-7 7800
b 235 236 0.0025 200e9 5.21e-7 7800
b 236 237 0.0025 200e9 5.21e-7 7800
b 237 238 0.0025 200e9 5.21e-7 7800
b 238 239 0.0025 200e9 5.21e-7 7800
b 239 240 0.0025 200e9 5.21e-7 7800
b 240 241 0.0025 200e9 5.21e-7 7800
b 241 242 0.0025 200e9 5.21e-7 7800
b 242 243 0.0025 200e9 5.21e-7 7800
b 243 244 0.0025 200e9 5.21e-7 7800
b 244 245 0.0025 200e9 5.21e-7 7800
b 245 246 0.0025 200e9 5.21e-7 7800
b 246 247 0.0025 200e9 5.21e-7 7800
b 247 248 0.0025 200e9 5.21e-7 7800
b 248 249 0.0025 200e9 5.21e-7 7800
b 249 250 0.0025 200e9 5.21e-7 7800
b 250 251 0.0025 200e9 5.21e-7 7800
b 251 252 0.0025 200e9 5.21e-7 7800
b 252 253 0.0025 200e9 5.21e-7 7800
b 253 254 0.0025 200e9 5.21e-7 7800
b 254 255 0.0025 200e9 5.21e-7 7800
b 255 256 0.0025 200e9 5.21e-7 7800
b 256 257 0.0025 200e9 5.21e-7 7800
b 257 258 0.0025 200e9 5.21e-7 7800
b 258 259 0.0025 200e9 5.21e-7 7800
b 259 260 0.0025 200e9 5.21e-7 7800
b 260 261 0.0025 200e9 5.21e-7 7800
b 261 262 0.0025 200e9 5.21e-7 7800
b 262 263 0.0025 200e9 5.21e-7 7800
b 263 264 0.0025 200e9 5.21e-7 7800
b 264 265 0.0025 200e9 5.21e-7 7800
b 265 266 0.0025 200e9 5.21e-7 7800
b 266 267 0.0025 200e9 5.21e-7 7800
b 267 268 0.0025 200e9 5.21e-7 7800
b 268 269 0.0025 200e9 5.21e-7 7800
b 269 270 0.0025 200e9 5.21e-7 7800
b 270 271 0.0025 200e9 5.21e-7 7800
b 271 272 0.0025 200e9 5.21e-7 7800
b 272 273 0.0025 200e9 5.21e-7 7800
b 273 274 0.0025 200e9 5.21e-7 7800
b 274 275 0.0025 200e9 5.21e-7 7800
b 275 276 0.0025 200e9 5.21e-7 7800
b 276 277 0.0025 200e9 5.21e-7 7800
b 277 278 0.0025 200e9 5.21e-7 7800
b 278 279 0.0025 200e9 5.21e-7 7800
b 279 280 0.0025 200e9 5.21e-7 7800
b 280 281 0.0025 200e9 5.21e-7 7800
b 281 282 0.0025 200e9 5.21e-7 7800
b 282 283 0.0025 200e9 5.21e-7 7800
b 283 284 0.0025 200e9 5.21e-7 7800
b 284 285 0.0025 200e9 5.21e-7 7800
b 285 286 0.0025 200e9 5.21e-7 7800
b 286 287 0.0025 200e9 5.21e-7 7800
b 287 288 0.0025 200e9 5.21e-7 7800
b 288 289 0.0025 200e9 5.21e-7 7800
b 289 290 0.0025 200e9 5.21e-7 7800
b 290 291 0.0025 200e9 5.21e-7 7800
b 291 292 0.0025 200e9 5.21e-7 7800
b 292 293 0.0025 200e9 5.21e-7 7800
b 293 294 0.0025 200e9 5.21e-7 7800
b 294 295 0.0025 200e9 5.21e-7 7800
b 295 296 0.0025 200e9 5.21e-7 7800
b 296 297 0.0025 200e9 5.21e-7 7800
b 297 298 0.0025 200e9 5.21e-7 7800
b 298 299 0.0025 200e9 5.21e-7 7800
b 299 300 0.0025 200e9 5.21e-7 7800
b 300 301 0.0025 200e9 5.21e-7 7800
b 301 302 0.0025 200e9 5.21e-7 7800
b 302 303 0.0025 200e9 5.21e-7 7800
b 303 304 0.0025 200e9 5.21e-7 7800
b 304 305 0.0025 200e9 5.21e-7 7800
b 305 306 0.0025 200e9 5.21e-7 7800
b 306 307 0.0025 200e9 5.21e-7 7800
b 307 308 0.0025 200e9 5.21e-7 7800
b 308 309 0.0025 200e9 5.21e-7 7800
b 309 310 0.0025 200e9 5.21e-7 7800
b 310 311 0.0025 200e9 5.21e-7 7800
b 311 312 0.0025 200e9 5.21e-7 7800
b 312 313 0.0025 200e9 5.21e-7 7800
b 313 314 0.0025 200e9 5.21e-7 7800
b 314 315 0.0025 200e9 5.21e-7 7800
b 315 316 0.0025 200e9 5.21e-7 7800
b 316 317 0.0025 200e9 5.21e-7 7800
b 317 318 0.0025 200e9 5.21e-7 7800
b 318 319 0.0025 200e9 5.21e-7 7800
b 319 320 0.0025 200e9 5.21e-7 7800
b 320 321 0.0025 200e9 5.21e-7 7800
b 321 322 0.0025 200e9 5.21e-7 7800
b 322 323 0.0025 200e9 5.21e-7 7800
b 323 324 0.0025 200e9 5.21e-7 7800
b 324 325 0.0025 200e9 5.21e-7 7800
b 325 326 0.0025 200e9 5.21e-7 7800
b 326 327 0.0025 200e9 5.21e-7 7800
b 327 328 0.0025 200e9 5.21e-7 7800
b 328 329 0.0025 200e9 5.21e-7 7800
b 329 330 0.0025 200e9 5.21e-7 7800
b 330 331 0.0025 200e9 5.21e-7 7800
b 331 332 0.0025 200e9 5.21e-7 7800
b 332 333 0.0025 200e9 5.21e-7 7800
b 333 334 0.0025 200e9 5.21e-7 7800
b 334 335 0.0025 200e9 5.21e-7 7800
b 335 336 0.0025 200e9 5.21e-7 7800
b 336 337 0.0025 200e9 5.21e-7 7800
b 337 338 0.0025 200e9 5.21e-7 7800
b 338 339 0.0025 200e9 5.21e-7 7800
b 339 340 0.0025 200e9 5.21e-7 7800
b 340 341 0.0025 200e9 5.21e-7 7800
b 341 342 0.0025 200e9 5.21e-7 7800
b 342 343 0.0025 200e9 5.21e-7 7800
b 343 344 0.0025 200e9 5.21e-7 7800
b 344 345 0.0025 200e9 5.21e-7 7800
b 345 346 0.0025 200e9 5.21e-7 7800
b 346 347 0.0025 200e9 5.21e-7 7800
b 347 348 0.0025 200e9 5.21e-7 7800
b 348 349 0.0025 200e9 5.21e-7 7800
b 349 350 0.0025 200e9 5.21e-7 7800
b 350 351 0.0025 200e9 5.21e-7 7800
b 351 352 0.0025 200e9 5.21e-7 7800
b 352 353 0.0025 200e9 5.21e-7 7800
b 353 354 0.0025 200e9 5.21e-7 7800
b 354 355 0.0025 200e9 5.21e-7 7800
b 355 356 0.0025 200e9 5.21e-7 7800
b 356 357 0.0025 200e9 5.21e-7 7800
b 357 358 0.0025 200e9 5.21e-7 7800
b 358 359 0.0025 200e9 5.21e-7 7800
b 359 360 0.0025 200e9 5.21e-7 7800
b 360 361 0.0025 200e9 5.21e-7 7800
b 361 362 0.0025 200e9 5.21e-7 7800
b 362 363 0.0025 200e9 5.21e-7 7800
b 363 364 0.0025 200e9 5.21e-7 7800
b 364 365 0.0025 200e9 5.21e-7 7800
b 365 366 0.0025 200e9 5.21e-7 7800
b 366 367 0.0025 200e9 5.21e-7 7800
b 367 368 0.0025 200e9 5.21e-7 7800
b 368 369 0.0025 200e9 5.21e-7 7800
b 369 370 0.0025 200e9 5.21e-7 7800
b 370 371 0.0025 200e9 5.21e-7 7800
b 371 372 0.0025 200e9 5.21e-7 7800
b 372 373 0.0025 200e9 5.21e-7 7800
b 373 374 0.0025 200e9 5.21e-7 7800
b 374 375 0.0025 200e9 5.21e-7 7800
b 375 376 0.0025 200e9 5.21e-7 7800
b 376 377 0.0025 200e9 5.21e-7 7800
b 377 378 0.0025 200e9 5.21e-7 7800
b 378 379 0.0025 200e9 5.21e-7 7800
b 379 380 0.0025 200e9 5.21e-7 7800
b 380 381 0.0025 200e9 5.21e-7 7800
b 381 382 0.0025 200e9 5.21e-7 7800
b 382 383 0.0025 200e9 5.21e-7 7800
b 383 384 0.0025 200e9 5.21e-7 7800
b 384 385 0.0025 200e9 5.21e-7 7800
b 385 386 0.0025 200e9 5.21e-7 7800
b 386 387 0.0025 200e9 5.21e-7 7800
b 387 388 0.0025 200e9 5.21e-7 7800
b 388 389 0.0025 200e9 5.21e-7 7800
b 389 390 0.0025 200e9 5.21e-7 7800
b 390 391 0.0025 200e9 5.21e-7 7800
b 391 392 0.0025 200e9 5.21e-7 7800
b 392 393 0.0025 200e9 5.21e-7 7800
b 393 394 0.0025 200e9 5.21e-7 7800
b 394 395 0.0025 200e9 5.21e-7 7800
b 395 396 0.0025 200e9 5.21e-7 7800
b 396 397 0.0025 200e9 5.21e-7 7800
b 397 398 0.0025 200e9 5.21e-7 7800
b 398 399 0.0025 200e9 5.21e-7 7800
b 399 400 0.0025 200e9 5.21e-7 7800
b 400 401 0.0025 200e9 5.21e-7 7800
b 401 402 0.0025 200e9 5.21e-7 7800
b 402 403 0.0025 200e9 5.21e-7 7800
b 403 404 0.0025 200e9 5.21e-7 7800
b 404 405 0.0025 200e9 5.21e-7 7800
b 405 406 0.0025 200e9 5.21e-7 7800
b 406 407 0.0025 200e9 5.21e-7 7800
b 407 408 0.0025 200e9 5.21e-7 7800
b 408 409 0.0025 200e9 5.21e-7 7800
b 409 410 0.0025 200e9 5.21e-7 7800
b 410 411 0.0025 200e9 5.21e-7 7800
b 411 412 0.0025 200e9 5.21e-7 7800
b 412 413 0.0025 200e9 5.21e-7 7800
b 413 414 0.0025 200e9 5.21e-7 7800
b 414 415 0.0025 200e9 5.21e-7 7800
b 415 416 0.0025 200e9 5.21e-7 7800
b 416 417 0.0025 200e9 5.21e-7 7800
b 417 418 0.0025 200e9 5.21e-7 7800
b 418 419 0.0025 200e9 5.21e-7 7800
b 419 420 0.0025 200e9 5.21e-7 7800
b 420 421 0.0025 200e9 5.21e-7 7800
b 421 422 0.0025 200e9 5.21e-7 7800
b 422 423 0.0025 200e9 5.21e-7 7800
b 423 424 0.0025 200e9 5.21e-7 7800
b 424 425 0.0025 200e9 5.21e-7 7800
b 425 426 0.0025 200e9 5.21e-7 7800
b 426 427 0.0025 200e9 5.21e-7 7800
b 427 428 0.0025 200e9 5.21e-7 7800
b 428 429 0.0025 200e9 5.21e-7 7800
b 429 430 0.0025 200e9 5.21e-7 7800
b 430 431 0.0025 200e9 5.21e-7 7800
b 431 432 0.0025 200e9 5.21e-7 7800
b 432 433 0.0025 200e9 5.21e-7 7800
b 433 434 0.0025 200e9 5.21e-7 7800
b 434 435 0.0025 200e9 5.21e-7 7800
b 435 436 0.0025 200e9 5.21e-7 7800
b 436 437 0.0025 200e9 5.21e-7 7800
b 437 438 0.0025 200e9 5.21e-7 7800
b 438 439 0.0025 200e9 5.21e-7 7800
b 439 440 0.0025 200e9 5.21e-7 7800
b 440 441 0.0025 200e9 5.21e-7 7800
b 441 442 0.0025 200e9 5.21e-7 7800
b 442 443 0.0025 200e9 5.21e-7 7800
b 443 444 0.0025 200e9 5.21e-7 7800
b 444 445 0.0025 200e9 5.21e-7 7800
b 445 446 0.0025 200e9 5.21e-7 7800
b 446 447 0.0025 200e9 5.21e-7 7800
b 447 448 0.0025 200e9 5.21e-7 7800
b 448 449 0.0025 200e9 5.21e-7 7800
b 449 450 0.0025 200e9 5.21e-7 7800
b 450 451 0.0025 200e9 5.21e-7 7800
b 451 452 0.0025 200e9 5.21e-7 7800
b 452 453 0.0025 200e9 5.21e-7 7800
b 453 454 0.0025 200e9 5.21e-7 7800
b 454 455 0.0025 200e9 5.21e-7 7800
b 455 456 0.0025 200e9 5.21e-7 7800
b 456 457 0.0025 200e9 5.21e-7 7800
b 457 458 0.0025 200e9 5.21e-7 7800
b 458 459 0.0025 200e9 5.21e-7 7800
b 459 460 0.0025 200e9 5.21e-7 7800
b 460 461 0.0025 200e9 5.21e-7 7800
b 461 462 0.0025 200e9 5.21e-7 7800
b 462 463 0.0025 200e9 5.21e-7 7800
b 463 464 0.0025 200e9 5.21e-7 7800
b 464 465 0.0025 200e9 5.21e-7 7800
b 465 466 0.0025 200e9 5.21e-7 7800
b 466 467 0.0025 200e9 5.21e-7 7800
b 467 468 0.0025 200e9 5.21e-7 7800
b 468 469 0.0025 200e9 5.21e-7 7800
b 469 470 0.0025 200e9 5.21e-7 7800
b 470 471 0.0025 200e9 5.21e-7 7800
b 471 472 0.0025 200e9 5.21e-7 7800
b 472 473 0.0025 200e9 5.21e-7 7800
b 473 474 0.0025 200e9 5.21e-7 7800
b 474 475 0.0025 200e9 5.21e-7 7800
b 475 476 0.0025 200e9 5.21e-7 7800
b 476 477 0.0025 200e9 5.21e-7 7800
b 477 478 0.0025 200e9 5.21e-7 7800
b 478 479 0.0025 200e9 5.21e-7 7800
b 479 480 0.0025 200e9 5.21e-7 7800
b 480 481 0.0025 200e9 5.21e-7 7800
b 481 482 0.0025 200e9 5.21e-7 7800
b 482 483 0.0025 200e9 5.21e-7 7800
b 483 484 0.0025 200e9 5.21e-7 7800
b 484 485 0.0025 200e9 5.21e-7 7800
b 485 486 0.0025 200e9 5.21e-7 7800
b 486 487 0.0025 200e9 5.21e-7 7800
b 487 488 0.0025 200e9 5.21e-7 7800
b 488 489 0.0025 200e9 5.21e-7 7800
b 489 490 0.0025 200e9 5.21e-7 7800
b 490 491 0.0025 200e9 5.21e-7 7800
b 491 492 0.0025 200e9 5.21e-7 7800
b 492 493 0.0025 200e9 5.21e-7 7800
b 493 494 0.0025 200e9 5.21e-7 7800
b 494 495 0.0025 200e9 5.21e-7 7800
b 495 496 0.0025 200e9 5.21e-7 7800
b 496 497 0.0025 200e9 5.21e-7 7800
b 497 498 0.0025 200e9 5.21e-7 7800
b 498 499 0.0025 200e9 5.21e-7 7800
b 499 500 0.0025 200e9 5.21e-7 7800
b 500 501 0.0025 200e9 5.21e-7 7800
b 501 502 0.0025 200e9 5.21e-7 7800
b 502 503 0.0025 200e9 5.21e-7 7800
b 503 504 0.0025 200e9 5.21e-7 7800
b 504 505 0.0025 200e9 5.21e-7 7800
b 505 506 0.0025 200e9 5.21e-7 7800
b 506 507 0.0025 200e9 5.21e-7 7800
b 507 508 0.0025 200e9 5.21e-7 7800
b 508 509 0.0025 200e9 5.21e-7 7800
b 509 510 0.0025 200e9 5.21e-7 7800
b 510 511 0.0025 200e9 5.21e-7 7800
b 511 512 0.0025 200e9 5.21e-7 7800
b 512 513 0.0025 200e9 5.21e-7 7800
b 513 514 0.0025 200e9 5.21e-7 7800
b 514 515 0.0025 200e9 5.21e-7 7800
b 515 516 0.0025 200e9 5.21e-7 7800
b 516 517 0.0025 200e9 5.21e-7 7800
b 517 518 0.0025 200e9 5.21e-7 7800
b 518 519 0.0025 200e9 5.21e-7 7800
b 519 520 0.0025 200e9 5.21e-7 7800
b 520 521 0.0025 200e9 5.21e-7 7800
b 521 522 0.0025 200e9 5.21e-7 7800
b 522 523 0.0025 200e9 5.21e-7 7800
b 523 524 0.0025 200e9 5.21e-7 7800
b 524 525 0.0025 200e9 5.21e-7 7800
b 525 526 0.0025 200e9 5.21e-7 7800
b 526 527 0.0025 200e9 5.21e-7 7800
b 527 528 0.0025 200e9 5.21e-7 7800
b 528 529 0.0025 200e9 5.21e-7 7800
b 529 530 0.0025 200e9 5.21e-7 7800
b 530 531 0.0025 200e9 5.21e-7 7800
b 531 532 0.0025 200e9 5.21e-7 7800
b 532 533 0.0025 200e9 5.21e-7 7800
b 533 534 0.0025 200e9 5.21e-7 7800
b 534 535 0.0025 200e9 5.21e-7 7800
b 535 536 0.0025 200e9 5.21e-7 7800
b 536 537 0.0025 200e9 5.21e-7 7800
b 537 538 0.0025 200e9 5.21e-7 7800
b 538 539 0.0025 200e9 5.21e-7 7800
b 539 540 0.0025 200e9 5.21e-7 7800
b 540 541 0.0025 200e9 5.21e-7 7800
b 541 542 0.0025 200e9 5.21e-7 7800
b 542 543 0.0025 200e9 5.21e-7 7800
b 543 544 0.0025 200e9 5.21e-7 7800
b 544 545 0.0025 200e9 5.21e-7 7800
b 545 546 0.0025 200e9 5.21e-7 7800
b 546 547 0.0025 200e9 5.21e-7 7800
b 547 548 0.0025 200e9 5.21e-7 7800
b 548 549 0.0025 200e9 5.21e-7 7800
b 549 550 0.0025 200e9 5.21e-7 7800
b 550 551 0.0025 200e9 5.21e-7 7800
b 551 552 0.0025 200e9 5.21e-7 7800
b 552 553 0.0025 200e9 5.21e-7 7800
b 553 554 0.0025 200e9 5.21e-7 7800
b 554 555 0.0025 200e9 5.21e-7 7800
b 555 556 0.0025 200e9 5.21e-7 7800
b 556 557 0.0025 200e9 5.21e-7 7800
b 557 558 0.0025 200e9 5.21e-7 7800
b 558 559 0.0025 200e9 5.21e-7 7800
b 559 560 0.0025 200e9 5.21e-7 7800
b 560 561 0.0025 200e9 5.21e-7 7800
b 561 562 0.0025 200e9 5.21e-7 7800
b 562 563 0.0025 200e9 5.21e-7 7800
b 563 564 0.0025 200e9 5.21e-7 7800
b 564 565 0.0025 200e9 5.21e-7 7800
b 565 566 0.0025 200e9 5.21e-7 7800
b 566 567 0.0025 200e9 5.21e-7 7800
b 567 568 0.0025 200e9 5.21e-7 7800
b 568 569 0.0025 200e9 5.21e-7 7800
b 569 570 0.0025 200e9 5.21e-7 7800
b 570 571 0.0025 200e9 5.21e-7 7800
b 571 572 0.0025 200e9 5.21e-7 7800
b 572 573 0.0025 200e9 5.21e-7 7800
b 573 574 0.0025 200e9 5.21e-7 7800
b 574 575 0.0025 200e9 5.21e-7 7800
b 575 576 0.0025 200e9 5.21e-7 7800
b 576 577 0.0025 200e9 5.21e-7 7800
b 577 578 0.0025 200e9 5.21e-7 7800
b 578 579 0.0025 200e9 5.21e-7 7800
b 579 580 0.0025 200e9 5.21e-7 7800
b 580 581 0.0025 200e9 5.21e-7 7800
b 581 582 0.0025 200e9 5.21e-7 7800
b 582 583 0.0025 200e9 5.21e-7 7800
b 583 584 0.0025 200e9 5.21e-7 7800
b 584 585 0.0025 200e9 5.21e-7 7800
b 585 586 0.0025 200e9 5.21e-7 7800
b 586 587 0.0025 200e9 5.21e-7 7800
b 587 588 0.0025 200e9 5.21e-7 7800
b 588 589 0.0025 200e9 5.21e-7 7800
b 589 590 0.0025 200e9 5.21e-7 7800
b 590 591 0.0025 200e9 5.21e-7 7800
b 591 592 0.0025 200e9 5.21e-7 7800
b 592 593 0.0025 200e9 5.21e-7 7800
b 593 594 0.0025 200e9 5.21e-7 7800
b 594 595 0.0025 200e9 5.21e-7 7800
b 595 596 0.0025 200e9 5.21e-7 7800
b 596 597 0.0025 200e9 5.21e-7 7800
b 597 598 0.0025 200e9 5.21e-7 7800
b 598 599 0.0025 200e9 5.21e-7 7800
b 599 600 0.0025 200e9 5.21e-7 7800
b 600 601 0.0025 200e9 5.21e-7 7800
b 601 602 0.0025 200e9 5.21e-7 7800
b 602 603 0.0025 200e9 5.21e-7 7800
b 603 604 0.0025 200e9 5.21e-7 7800
b 604 605 0.0025 200e9 5.21e-7 7800
b 605 606 0.0025 200e9 5.21e-7 7800
b 606 607 0.0025 200e9 5.21e-7 7800
b 607 608 0.0025 200e9 5.21e-7 7800
b 608 609 0.0025 200e9 5.21e-7 7800
b 609 610 0.0025 200e9 5.21e-7 7800
b 610 611 0.0025 200e9 5.21e-7 7800
b 611 612 0.0025 200e9 5.21e-7 7800
b 612 613 0.0025 200e9 5.21e-7 7800
b 613 614 0.0025 200e9 5.21e-7 7800
b 614 615 0.0025 200e9 5.21e-7 7800
b 615 616 0.0025 200e9 5.21e-7 7800
b 616 617 0.0025 200e9 5.21e-7 7800
b 617 618 0.0025 200e9 5.21e-7 7800
b 618 619 0.0025 200e9 5.21e-7 7800
b 619 620 0.0025 200e9 5.21e-7 7800
b 620 621 0.0025 200e9 5.21e-7 7800
b 621 622 0.0025 200e9 5.21e-7 7800
b 622 623 0.0025 200e9 5.21e-7 7800
b 623 624 0.0025 200e9 5.21e-7 7800
b 624 625 0.0025 200e9 5.21e-7 7800
b 625 626 0.0025 200e9 5.21e-7 7800
b 626 627 0.0025 200e9 5.21e-7 7800
b 627 628 0.0025 200e9 5.21e-7 7800
b 628 629 0.0025 200e9 5.21e-7 7800
b 629 630 0.0025 200e9 5.21e-7 7800
b 630 631 0.0025 200e9 5.21e-7 7800
b 631 632 0.0025 200e9 5.21e-7 7800
b 632 633 0.0025 200e9 5.21e-7 7800
b 633 634 0.0025 200e9 5.21e-7 7800
b 634 635 0.0025 200e9 5.21e-7 7800
b 635 636 0.0025 200e9 5.21e-7 7800
b 636 637 0.0025 200e9 5.21e-7 7800
b 637 638 0.0025 200e9 5.21e-7 7800
b 638 639 0.0025 200e9 5.21e-7 7800
b 639 640 0.0025 200e9 5.21e-7 7800
b 640 641 0.0025 200e9 5.21e-7 7800
b 641 642 0.0025 200e9 5.21e-7 7800
b 642 643 0.0025 200e9 5.21e-7 7800
b 643 644 0.0025 200e9 5.21e-7 7800
b 644 645 0.0025 200e9 5.21e-7 7800
b 645 646 0.0025 200e9 5.21e-7 7800
b 646 647 0.0025 200e9 5.21e-7 7800
b 647 648 0.0025 200e9 5.21e-7 7800
b 648 649 0.0025 200e9 5.21e-7 7800
b 649 650 0.0025 200e9 5.21e-7 7800
b 650 651 0.0025 200e9 5.21e-7 7800
b 651 652 0.0025 200e9 5.21e-7 7800
b 652 653 0.0025 200e9 5.21e-7 7800
b 653 654 0.0025 200e9 5.21e-7 7800
b 654 655 0.0025 200e9 5.21e-7 7800
b 655 656 0.0025 200e9 5.21e-7 7800
b 656 657 0.0025 200e9 5.21e-7 7800
b 657 658 0.0025 200e9 5.21e-7 7800
b 658 659 0.0025 200e9 5.21e-7 7800
b 659 660 0.0025 200e9 5.21e-7 7800
b 660 661 0.0025 200e9 5.21e-7 7800
b 661 662 0.0025 200e9 5.21e-7 7800
b 662 663 0.0025 200e9 5.21e-7 7800
b 663 664 0.0025 200e9 5.21e-7 7800
b 664 665 0.0025 200e9 5.21e-7 7800
b 665 666 0.0025 200e9 5.21e-7 7800
b 666 667 0.0025 200e9 5.21e-7 7800
b 667 668 0.0025 200e9 5.21e-7 7800
b 668 669 0.0025 200e9 5.21e-7 7800
b 669 670 0.0025 200e9 5.21e-7 7800
b 670 671 0.0025 200e9 5.21e-7 7800
b 671 672 0.0025 200e9 5.21e-7 7800
b 672 673 0.0025 200e9 5.21e-7 7800
b 673 674 0.0025 200e9 5.21e-7 7800
b 674 675 0.0025 200e9 5.21e-7 7800
b 675 676 0.0025 200e9 5.21e-7 7800
b 676 677 0.0025 200e9 5.21e-7 7800
b 677 678 0.0025 200e9 5.21e-7 7800
b 678 679 0.0025 200e9 5.21e-7 7800
b 679 680 0.0025 200e9 5.21e-7 7800
b 680 681 0.0025 200e9 5.21e-7 7800
b 681 682 0.0025 200e9 5.21e-7 7800
b 682 683 0.0025 200e9 5.21e-7 7800
b 683 684 0.0025 200e9 5.21e-7 7800
b 684 685 0.0025 200e9 5.21e-7 7800
b 685 686 0.0025 200e9 5.21e-7 7800
b 686 687 0.0025 200e9 5.21e-7 7800
b 687 688 0.0025 200e9 5.21e-7 7800
b 688 689 0.0025 200e9 5.21e-7 7800
b 689 690 0.0025 200e9 5.21e-7 7800
b 690 691 0.0025 200e9 5.21e-7 7800
b 691 692 0.0025 200e9 5.21e-7 7800
b 692 693 0.0025 200e9 5.21e-7 7800
b 693 694 0.0025 200e9 5.21e-7 7800
b 694 695 0.0025 200e9 5.21e-7 7800
b 695 696 0.0025 200e9 5.21e-7 7800
b 696 697 0.0025 200e9 5.21e-7 7800
b 697 698 0.0025 200e9 5.21e-7 7800
b 698 699 0.0025 200e9 5.21e-7 7800
b 699 700 0.0025 200e9 5.21e-7 7800
b 700 701 0.0025 200e9 5.21e-7 7800
b 701 702 0.0025 200e9 5.21e-7 7800
b 702 703 0.0025 200e9 5.21e-7 7800
b 703 704 0.0025 200e9 5.21e-7 7800
b 704 705 0.0025 200e9 5.21e-7 7800
b 705 706 0.0025 200e9 5.21e-7 7800
b 706 707 0.0025 200e9 5.21e-7 7800
b 707 708 0.0025 200e9 5.21e-7 7800
b 708 709 0.0025 200e9 5.21e-7 7800
b 709 710 0.0025 200e9 5.21e-7 7800
b 710 711 0.0025 200e9 5.21e-7 7800
b 711 712 0.0025 200e9 5.21e-7 7800
b 712 713 0.0025 200e9 5.21e-7 7800
b 713 714 0.0025 200e9 5.21e-7 7800
b 714 715 0.0025 200e9 5.21e-7 7800
b 715 716 0.0025 200e9 5.21e-7 7800
b 716 717 0.0025 200e9 5.21e-7 7800
b 717 718 0.0025 200e9 5.21e-7 7800
b 718 719 0.0025 200e9 5.21e-7 7800
b 719 720 0.0025 200e9 5.21e-7 7800
b 720 721 0.0025 200e9 5.21e-7 7800
b 721 722 0.0025 200e9 5.21e-7 7800
b 722 723 0.0025 200e9 5.21e-7 7800
b 723 724 0.0025 200e9 5.21e-7 7800
b 724 725 0.0025 200e9 5.21e-7 7800
b 725 726 0.0025 200e9 5.21e-7 7800
b 726 727 0.0025 200e9 5.21e-7 7800
b 727 728 0.0025 200e9 5.21e-7 7800
b 728 729 0.0025 200e9 5.21e-7 7800
b 729 730 0.0025 200e9 5.21e-7 7800
b 730 731 0.0025 200e9 5.21e-7 7800
b 731 732 0.0025 200e9 5.21e-7 7800
b 732 733 0.0025 200e9 5.21e-7 7800
b 733 734 0.0025 200e9 5.21e-7 7800
b 734 735 0.0025 200e9 5.21e-7 7800
b 735 736 0.0025 200e9 5.21e-7 7800
b 736 737 0.0025 200e9 5.21e-7 7800
b 737 738 0.0025 200e9 5.21e-7 7800
b 738 739 0.0025 200e9 5.21e-7 7800
b 739 740 0.0025 200e9 5.21e-7 7800
b 740 741 0.0025 200e9 5.21e-7 7800
b 741 742 0.0025 200e9 5.21e-7 7800
b 742 743 0.0025 200e9 5.21e-7 7800
b 743 744 0.0025 200e9 5.21e-7 7800
b 744 745 0.0025 200e9 5.21e-7 7800
b 745 746 0.0025 200e9 5.21e-7 7800
b 746 747 0.0025 200e9 5.21e-7 7800
b 747 748 0.0025 200e9 5.21e-7 7800
b 748 749 0.0025 200e9 5.21e-7 7800
b 749 750 0.0025 200e9 5.21e-7 7800
b 750 751 0.0025 200e9 5.21e-7 7800
b 751 752 0.0025 200e9 5.21e-7 7800
b 752 753 0.0025 200e9 5.21e-7 7800
b 753 754 0.0025 200e9 5.21e-7 7800
b 754 755 0.0025 200e9 5.21e-7 7800
b 755 756 0.0025 200e9 5.21e-7 7800
b 756 757 0.0025 200e9 5.21e-7 7800
b 757 758 0.0025 200e9 5.21e-7 7800
b 758 759 0.0025 200e9 5.21e-7 7800
b 759 760 0.0025 200e9 5.21e-7 7800
b 760 761 0.0025 200e9 5.21e-7 7800
b 761 762 0.0025 200e9 5.21e-7 7800
b 762 763 0.0025 200e9 5.21e-7 7800
b 763 764 0.0025 200e9 5.21e-7 7800
b 764 765 0.0025 200e9 5.21e-7 7800
b 765 766 0.0025 200e9 5.21e-7 7800
b 766 767 0.0025 200e9 5.21e-7 7800
b 767 768 0.0025 200e9 5.21e-7 7800
b 768 769 0.0025 200e9 5.21e-7 7800
b 769 770 0.0025 200e9 5.21e-7 7800
b 770 771 0.0025 200e9 5.21e-7 7800
b 771 772 0.0025 200e9 5.21e-7 7800
b 772 773 0.0025 200e9 5.21e-7 7800
b 773 774 0.0025 200e9 5.21e-7 7800
b 774 775 0.0025 200e9 5.21e-7 7800
b 775 776 0.0025 200e9 5.21e-7 7800
b 776 777 0.0025 200e9 5.21e-7 7800
b 777 778 0.0025 200e9 5.21e-7 7800
b 778 779 0.0025 200e9 5.21e-7 7800
b 779 780 0.0025 200e9 5.21e-7 7800
b 780 781 0.0025 200e9 5.21e-7 7800
b 781 782 0.0025 200e9 5.21e-7 7800
b 782 783 0.0025 200e9 5.21e-7 7800
b 783 784 0.0025 200e9 5.21e-7 7800
b 784 785 0.0025 200e9 5.21e-7 7800
b 785 786 0.0025 200e9 5.21e-7 7800
b 786 787 0.0025 200e9 5.21e-7 7800
b 787 788 0.0025 200e9 5.21e-7 7800
b 788 789 0.0025 200e9 5.21e-7 7800
b 789 790 0.0025 200e9 5.21e-7 7800
b 790 791 0.0025 200e9 5.21e-7 7800
b 791 792 0.0025 200e9 5.21e-7 7800
b 792 793 0.0025 200e9 5.21e-7 7800
b 793 794 0.0025 200e9 5.21e-7 7800
b 794 795 0.0025 200e9 5.21e-7 7800
b 795 796 0.0025 200e9 5.21e-7 7800
b 796 797 0.0025 200e9 5.21e-7 7800
b 797 798 0.0025 200e9 5.21e-7 7800
b 798 799 0.0025 200e9 5.21e-7 7800
b 799 800 0.0025 200e9 5.21e-7 7800
b 800 801 0.0025 200e9 5.21e-7 7800
b 801 802 0.0025 200e9 5.21e-7 7800
b 802 803 0.0025 200e9 5.21e-7 7800
b 803 804 0.0025 200e9 5.21e-7 7800
b 804 805 0.0025 200e9 5.21e-7 7800
b 805 806 0.0025 200e9 5.21e-7 7800
b 806 807 0.0025 200e9 5.21e-7 7800
b 807 808 0.0025 200e9 5.21e-7 7800
b 808 809 0.0025 200e9 5.21e-7 7800
b 809 810 0.0025 200e9 5.21e-7 7800
b 810 811 0.0025 200e9 5.21e-7 7800
b 811 812 0.0025 200e9 5.21e-7 7800
b 812 813 0.0025 200e9 5.21e-7 7800
b 813 814 0.0025 200e9 5.21e-7 7800
b 814 815 0.0025 200e9 5.21e-7 7800
b 815 816 0.0025 200e9 5.21e-7 7800
b 816 817 0.0025 200e9 5.21e-7 7800
b 817 818 0.0025 200e9 5.21e-7 7800
b 818 819 0.0025 200e9 5.21e-7 7800
b 819 820 0.0025 200e9 5.21e-7 7800
b 820 821 0.0025 200e9 5.21e-7 7800
b 821 822 0.0025 200e9 5.21e-7 7800
b 822 823 0.0025 200e9 5.21e-7 7800
b 823 824 0.0025 200e9 5.21e-7 7800
b 824 825 0.0025 200e9 5.21e-7 7800
b 825 826 0.0025 200e9 5.21e-7 7800
b 826 827 0.0025 200e9 5.21e-7 7800
b 827 828 0.0025 200e9 5.21e-7 7800
b 828 829 0.0025 200e9 5.21e-7 7800
b 829 830 0.0025 200e9 5.21e-7 7800
b 830 831 0.0025 200e9 5.21e-7 7800
b 831 832 0.0025 200e9 5.21e-7 7800
b 832 833 0.0025 200e9 5.21e-7 7800
b 833 834 0.0025 200e9 5.21e-7 7800
b 834 835 0.0025 200e9 5.21e-7 7800
b 835 836 0.0025 200e9 5.21e-7 7800
b 836 837 0.0025 200e9 5.21e-7 7800
b 837 838 0.0025 200e9 5.21e-7 7800
b 838 839 0.0025 200e9 5.21e-7 7800
b 839 840 0.0025 200e9 5.21e-7 7800
b 840 841 0.0025 200e9 5.21e-7 7800
b 841 842 0.0025 200e9 5.21e-7 7800
b 842 843 0.0025 200e9 5.21e-7 7800
b 843 844 0.0025 200e9 5.21e-7 7800
b 844 845 0.0025 200e9 5.21e-7 7800
b 845 846 0.0025 200e9 5.21e-7 7800
b 846 847 0.0025 200e9 5.21e-7 7800
b 847 848 0.0025 200e9 5.21e-7 7800
b 848 849 0.0025 200e9 5.21e-7 7800
b 849 850 0.0025 200e9 5.21e-7 7800
b 850 851 0.0025 200e9 5.21e-7 7800
b 851 852 0.0025 200e9 5.21e-7 7800
b 852 853 0.0025 200e9 5.21e-7 7800
b 853 854 0.0025 200e9 5.21e-7 7800
b 854 855 0.0025 200e9 5.21e-7 7800
b 855 856 0.0025 200e9 5.21e-7 7800
b 856 857 0.0025 200e9 5.21e-7 7800
b 857 858 0.0025 200e9 5.21e-7 7800
b 858 859 0.0025 200e9 5.21e-7 7800
b 859 860 0.0025 200e9 5.21e-7 7800
b 860 861 0.0025 200e9 5.21e-7 7800
b 861 862 0.0025 200e9 5.21e-7 7800
b 862 863 0.0025 200e9 5.21e-7 7800
b 863 864 0.0025 200e9 5.21e-7 7800
b 864 865 0.0025 200e9 5.21e-7 7800
b 865 866 0.0025 200e9 5.21e-7 7800
b 866 867 0.0025 200e9 5.21e-7 7800
b 867 868 0.0025 200e9 5.21e-7 7800
b 868 869 0.0025 200e9 5.21e-7 7800
b 869 870 0.0025 200e9 5.21e-7 7800
b 870 871 0.0025 200e9 5.21e-7 7800
b 871 872 0.0025 200e9 5.21e-7 7800
b 872 873 0.0025 200e9 5.21e-7 7800
b 873 874 0.0025 200e9 5.21e-7 7800
b 874 875 0.0025 200e9 5.21e-7 7800
b 875 876 0.0025 200e9 5.21e-7 7800
b 876 877 0.0025 200e9 5.21e-7 7800
b 877 878 0.0025 200e9 5.21e-7 7800
b 878 879 0.0025 200e9 5.21e-7 7800
b 879 880 0.0025 200e9 5.21e-7 7800
b 880 881 0.0025 200e9 5.21e-7 7800
b 881 882 0.0025 200e9 5.21e-7 7800
b 882 883 0.0025 200e9 5.21e-7 7800
b 883 884 0.0025 200e9 5.21e-7 7800
b 884 885 0.0025 200e9 5.21e-7 7800
b 885 886 0.0025 200e9 5.21e-7 7800
b 886 887 0.0025 200e9 5.21e-7 7800
b 887 888 0.0025 200e9 5.21e-7 7800
b 888 889 0.0025 200e9 5.21e-7 7800
b 889 890 0.0025 200e9 5.21e-7 7800
b 890 891 0.0025 200e9 5.21e-7 7800
b 891 892 0.0025 200e9 5.21e-7 7800
b 892 893 0.0025 200e9 5.21e-7 7800
b 893 894 0.0025 200e9 5.21e-7 7800
b 894 895 0.0025 200e9 5.21e-7 7800
b 895 896 0.0025 200e9 5.21e-7 7800
b 896 897 0.0025 200e9 5.21e-7 7800
b 897 898 0.0025 200e9 5.21e-7 7800
b 898 899 0.0025 200e9 5.21e-7 7800
b 899 900 0.0025 200e9 5.21e-7 7800
b 900 901 0.0025 200e9 5.21e-7 7800
b 901 902 0.0025 200e9 5.21e-7 7800
b 902 903 0.0025 200e9 5.21e-7 7800
b 903 904 0.0025 200e9 5.21e-7 7800
b 904 905 0.0025 200e9 5.21e-7 7800
b 905 906 0.0025 200e9 5.21e-7 7800
b 906 907 0.0025 200e9 5.21e-7 7800
b 907 908 0.0025 200e9 5.21e-7 7800
b 908 909 0.0025 200e9 5.21e-7 7800
b 909 910 0.0025 200e9 5.21e-7 7800
b 910 911 0.0025 200e9 5.21e-7 7800
b 911 912 0.0025 200e9 5.21e-7 7800
b 912 913 0.0025 200e9 5.21e-7 7800
b 913 914 0.0025 200e9 5.21e-7 7800
b 914 915 0.0025 200e9 5.21e-7 7800
b 915 916 0.0025 200e9 5.21e-7 7800
b 916 917 0.0025 200e9 5.21e-7 7800
b 917 918 0.0025 200e9 5.21e-7 7800
b 918 919 0.0025 200e9 5.21e-7 7800
b 919 920 0.0025 200e9 5.21e-7 7800
b 920 921 0.0025 200e9 5.21e-7 7800
b 921 922 0.0025 200e9 5.21e-7 7800
b 922 923 0.0025 200e9 5.21e-7 7800
b 923 924 0.0025 200e9 5.21e-7 7800
b 924 925 0.0025 200e9 5.21e-7 7800
b 925 926 0.0025 200e9 5.21e-7 7800
b 926 927 0.0025 200e9 5.21e-7 7800
b 927 928 0.0025 200e9 5.21e-7 7800
b 928 929 0.0025 200e9 5.21e-7 7800
b 929 930 0.0025 200e9 5.21e-7 7800
b 930 931 0.0025 200e9 5.21e-7 7800
b 931 932 0.0025 200e9 5.21e-7 7800
b 932 933 0.0025 200e9 5.21e-7 7800
b 933 934 0.0025 200e9 5.21e-7 7800
b 934 935 0.0025 200e9 5.21e-7 7800
b 935 936 0.0025 200e9 5.21e-7 7800
b 936 937 0.0025 200e9 5.21e-7 7800
b 937 938 0.0025 200e9 5.21e-7 7800
b 938 939 0.0025 200e9 5.21e-7 7800
b 939 940 0.0025 200e9 5.21e-7 7800
b 940 941 0.0025 200e9 5.21e-7 7800
b 941 942 0.0025 200e9 5.21e-7 7800
b 942 943 0.0025 200e9 5.21e-7 7800
b 943 944 0.0025 200e9 5.21e-7 7800
b 944 945 0.0025 200e9 5.21e-7 7800
b 945 946 0.0025 200e9 5.21e-7 7800
b 946 947 0.0025 200e9 5.21e-7 7800
b 947 948 0.0025 200e9 5.21e-7 7800
b 948 949 0.0025 200e9 5.21e-7 7800
b 949 950 0.0025 200e9 5.21e-7 7800
b 950 951 0.0025 200e9 5.21e-7 7800
b 951 952 0.0025 200e9 5.21e-7 7800
b 952 953 0.0025 200e9 5.21e-7 7800
b 953 954 0.0025 200e9 5.21e-7 7800
b 954 955 0.0025 200e9 5.21e-7 7800
b 955 956 0.0025 200e9 5.21e-7 7800
b 956 957 0.0025 200e9 5.21e-7 7800
b 957 958 0.0025 200e9 5.21e-7 7800
b 958 959 0.0025 200e9 5.21e-7 7800
b 959 960 0.0025 200e9 5.21e-7 7800
b 960 961 0.0025 200e9 5.21e-7 7800
b 961 962 0.0025 200e9 5.21e-7 7800
b 962 963 0.0025 200e9 5.21e-7 7800
b 963 964 0.0025 200e9 5.21e-7 7800
b 964 965 0.0025 200e9 5.21e-7 7800
b 965 966 0.0025 200e9 5.21e-7 7800
b 966 967 0.0025 200e9 5.21e-7 7800
b 967 968 0.0025 200e9 5.21e-7 7800
b 968 969 0.0025 200e9 5.21e-7 7800
b 969 970 0.0025 200e9 5.21e-7 7800
b 970 971 0.0025 200e9 5.21e-7 7800
b 971 972 0.0025 200e9 5.21e-7 7800
b 972 973 0.0025 200e9 5.21e-7 7800
b 973 974 0.0025 200e9 5.21e-7 7800
b 974 975 0.0025 200e9 5.21e-7 7800
b 975 976 0.0025 200e9 5.21e-7 7800
b 976 977 0.0025 200e9 5.21e-7 7800
b 977 978 0.0025 200e9 5.21e-7 7800
b 978 979 0.0025 200e9 5.21e-7 7800
b 979 980 0.0025 200e9 5.21e-7 7800
b 980 981 0.0025 200e9 5.21e-7 7800
b 981 982 0.0025 200e9 5.21e-7 7800
b 982 983 0.0025 200e9 5.21e-7 7800
b 983 984 0.0025 200e9 5.21e-7 7800
b 984 985 0.0025 200e9 5.21e-7 7800
b 985 986 0.0025 200e9 5.21e-7 7800
b 986 987 0.0025 200e9 5.21e-7 7800
b 987 988 0.0025 200e9 5.21e-7 7800
b 988 989 0.0025 200e9 5.21e-7 7800
b 989 990 0.0025 200e9 5.21e-7 7800
b 990 991 0.0025 200e9 5.21e-7 7800
b 991 992 0.0025 200e9 5.21e-7 7800
b 992 993 0.0025 200e9 5.21e-7 7800
b 993 994 0.0025 200e9 5.21e-7 7800
b 994 995 0.0025 200e9 5.21e-7 7800
b 995 996 0.0025 200e9 5.21e-7 7800
b 996 997 0.0025 200e9 5.21e-7 7800
b 997 998 0.0025 200e9 5.21e-7 7800
b 998 999 0.0025 200e9 5.21e-7 7800
b 999 1000 0.0025 200e9 5.21e-7 7800
b 1000 1001 0.0025 200e9 5.21e-7 7800

#LOADS

#PRESSURES

#CONSTRAINTS
@1
0 0 0


