#HEADER
Exercicio 2 - Ponte
Dynamic values are zero, unless defined

#DYNAMIC
0

#TIMESTEP
0.01

#SIMTIME
1

#NODES
0 1 
0 0
1 0.9
1 0
2 0.55
2 0
3 0
-1 0.9
-1 0
-2 0.55
-2 0
-3 0

#ELEMENTS
1 2 0.0015 206843000000 7800 
1 4 0.0015 206843000000 7800 
3 4 0.0015 206843000000 7800 
3 6 0.0015 206843000000 7800 
5 6 0.0015 206843000000 7800 
1 9 0.0015 206843000000 7800 
8 9 0.0015 206843000000 7800 
8 11 0.0015 206843000000 7800 
10 11 0.0015 206843000000 7800 
1 3 0.0015 206843000000 7800
3 5 0.0015 206843000000 7800 
5 7 0.0015 206843000000 7800
7 6 0.0015 206843000000 7800
6 4 0.0015 206843000000 7800
2 4 0.0015 206843000000 7800
9 2 0.0015 206843000000 7800
9 11 0.0015 206843000000 7800
11 12 0.0015 206843000000 7800
12 10 0.0015 206843000000 7800
10 8 0.0015 206843000000 7800
8 1 0.0015 206843000000 7800

#LOADS
@1
0 -50000 


#CONSTRAINTS
@12
0 0
@7
u 0

#INITIALDISP

#INITIALVEL

#INITIALACCEL



